me1_c2.png,me,2,39;106;81;106;-1;-1
mi1.png,mi,0,-1;-1;-1;-1;-1;-1
me1.png,me,0,-1;-1;-1;-1;-1;-1
mi1_c3.png,mi,3,34;21;71;21;108;24
mi1_c2.png,mi,2,26;23;66;21;-1;-1
mi1_c1.png,mi,1,28;124;-1;-1;-1;-1
mi2_c1.png,mi,1,125;24;-1;-1;-1;-1
mi2.png,mi,0,-1;-1;-1;-1;-1;-1
mi2_c3.png,mi,3,121;114;116;70;119;28
mi2_c2.png,mi,2,26;70;26;30;-1;-1
f1.png,f,0,-1;-1;-1;-1;-1;-1
mi3_c2.png,mi,2,23;74;23;32;-1;-1
mi3_c3.png,mi,3,121;100;119;62;121;28
mi3_c1.png,mi,1,116;106;-1;-1;-1;-1
mi4_c3.png,mi,3,30;103;70;103;114;103
mi4_c2.png,mi,2,30;28;70;26;-1;-1
mi5_c2.png,mi,2,30;25;74;21;-1;-1
mi6_c2.png,mi,2,32;64;32;33;-1;-1
mi7_c2.png,mi,2,130;96;130;64;-1;-1
mi8_c2.png,mi,2,28;108;68;108;-1;-1
w1.png,w,0,-1;-1;-1;-1;-1;-1
f2.png,f,0,-1;-1;-1;-1;-1;-1
w2.png,w,0,-1;-1;-1;-1;-1;-1
w1_c1.png,w,1,30;99;-1;-1;-1;-1
w2_c1.png,w,1,37;25;-1;-1;-1;-1
w3.png,w,0,-1;-1;-1;-1;-1;-1
w4.png,w,0,-1;-1;-1;-1;-1;-1
w5.png,w,0,-1;-1;-1;-1;-1;-1
w3_c1.png,w,1,28;16;-1;-1;-1;-1
w6.png,w,0,-1;-1;-1;-1;-1;-1
w4_c1.png,w,1,121;22;-1;-1;-1;-1
w5_c1.png,w,1,32;18;-1;-1;-1;-1
f3.png,f,0,-1;-1;-1;-1;-1;-1
w6_c1.png,w,1,125;28;-1;-1;-1;-1
w7.png,w,0,-1;-1;-1;-1;-1;-1
w8.png,w,0,-1;-1;-1;-1;-1;-1
w7_c1.png,w,1,121;103;-1;-1;-1;-1
w9.png,w,0,-1;-1;-1;-1;-1;-1
w10.png,w,0,-1;-1;-1;-1;-1;-1
w8_c1.png,w,1,123;21;-1;-1;-1;-1
w11.png,w,0,-1;-1;-1;-1;-1;-1
w9_c1.png,w,1,27;25;-1;-1;-1;-1
w12.png,w,0,-1;-1;-1;-1;-1;-1
f2_c1.png,f,1,21;98;-1;-1;-1;-1
w13.png,w,0,-1;-1;-1;-1;-1;-1
w14.png,w,0,-1;-1;-1;-1;-1;-1
w15.png,w,0,-1;-1;-1;-1;-1;-1
w16.png,w,0,-1;-1;-1;-1;-1;-1
w17.png,w,0,-1;-1;-1;-1;-1;-1
w18.png,w,0,-1;-1;-1;-1;-1;-1
w19.png,w,0,-1;-1;-1;-1;-1;-1
w20.png,w,0,-1;-1;-1;-1;-1;-1
w21.png,w,0,-1;-1;-1;-1;-1;-1
w10_c1.png,w,1,28;23;-1;-1;-1;-1
f4.png,f,0,-1;-1;-1;-1;-1;-1
w11_c1.png,w,1,113;28;-1;-1;-1;-1
w22.png,w,0,-1;-1;-1;-1;-1;-1
w12_c1.png,w,1,113;28;-1;-1;-1;-1
w23.png,w,0,-1;-1;-1;-1;-1;-1
w24.png,w,0,-1;-1;-1;-1;-1;-1
w13_c1.png,w,1,21;116;-1;-1;-1;-1
w25.png,w,0,-1;-1;-1;-1;-1;-1
w14_c1.png,w,1,113;32;-1;-1;-1;-1
w15_c1.png,w,1,116;30;-1;-1;-1;-1
w26.png,w,0,-1;-1;-1;-1;-1;-1
f3_c1.png,f,1,123;26;-1;-1;-1;-1
w16_c1.png,w,1,34;96;-1;-1;-1;-1
w27.png,w,0,-1;-1;-1;-1;-1;-1
wa1.png,wa,0,-1;-1;-1;-1;-1;-1
wa2.png,wa,0,-1;-1;-1;-1;-1;-1
wa3.png,wa,0,-1;-1;-1;-1;-1;-1
wa4.png,wa,0,-1;-1;-1;-1;-1;-1
wa5.png,wa,0,-1;-1;-1;-1;-1;-1
wa6.png,wa,0,-1;-1;-1;-1;-1;-1
wa7.png,wa,0,-1;-1;-1;-1;-1;-1
wa8.png,wa,0,-1;-1;-1;-1;-1;-1
f4_c1.png,f,1,34;103;-1;-1;-1;-1
wa9.png,wa,0,-1;-1;-1;-1;-1;-1
wa10.png,wa,0,-1;-1;-1;-1;-1;-1
wa1_c1.png,wa,1,30;118;-1;-1;-1;-1
wa1_c2.png,wa,2,60;29;101;27;-1;-1
wa2_c1.png,wa,1,116;114;-1;-1;-1;-1
wa2_c2.png,wa,2,32;120;72;120;-1;-1
wa3_c1.png,wa,1,34;27;-1;-1;-1;-1
wa11.png,wa,0,-1;-1;-1;-1;-1;-1
wa3_c2.png,wa,2,30;124;69;124;-1;-1
wa12.png,wa,0,-1;-1;-1;-1;-1;-1
f5.png,f,0,-1;-1;-1;-1;-1;-1
wa4_c1.png,wa,1,30;22;-1;-1;-1;-1
wa5_c1.png,wa,1,119;26;-1;-1;-1;-1
wa4_c2.png,wa,2,39;99;77;99;-1;-1
wa13.png,wa,0,-1;-1;-1;-1;-1;-1
wa5_c2.png,wa,2,32;92;77;92;-1;-1
wa6_c2.png,wa,2,34;63;34;30;-1;-1
wa14.png,wa,0,-1;-1;-1;-1;-1;-1
wa15.png,wa,0,-1;-1;-1;-1;-1;-1
wa16.png,wa,0,-1;-1;-1;-1;-1;-1
wh1.png,wh,0,-1;-1;-1;-1;-1;-1
f5_c1.png,f,1,34;106;-1;-1;-1;-1
wh1_c1.png,wh,1,34;20;-1;-1;-1;-1
wh2.png,wh,0,-1;-1;-1;-1;-1;-1
wa17.png,wa,0,-1;-1;-1;-1;-1;-1
wh2_c1.png,wh,1,123;28;-1;-1;-1;-1
wh3.png,wh,0,-1;-1;-1;-1;-1;-1
wh4.png,wh,0,-1;-1;-1;-1;-1;-1
wh3_c1.png,wh,1,119;103;-1;-1;-1;-1
wh4_c1.png,wh,1,116;99;-1;-1;-1;-1
wh5.png,wh,0,-1;-1;-1;-1;-1;-1
wh6.png,wh,0,-1;-1;-1;-1;-1;-1
c2.png,c,0,-1;-1;-1;-1;-1;-1
f6.png,f,0,-1;-1;-1;-1;-1;-1
wh7.png,wh,0,-1;-1;-1;-1;-1;-1
wh8.png,wh,0,-1;-1;-1;-1;-1;-1
wh9.png,wh,0,-1;-1;-1;-1;-1;-1
wh10.png,wh,0,-1;-1;-1;-1;-1;-1
wh11.png,wh,0,-1;-1;-1;-1;-1;-1
wh12.png,wh,0,-1;-1;-1;-1;-1;-1
wh13.png,wh,0,-1;-1;-1;-1;-1;-1
wh5_c1.png,wh,1,37;31;-1;-1;-1;-1
wh14.png,wh,0,-1;-1;-1;-1;-1;-1
wh15.png,wh,0,-1;-1;-1;-1;-1;-1
f6_c1.png,f,1,116;106;-1;-1;-1;-1
wh16.png,wh,0,-1;-1;-1;-1;-1;-1
wh17.png,wh,0,-1;-1;-1;-1;-1;-1
wh18.png,wh,0,-1;-1;-1;-1;-1;-1
wh19.png,wh,0,-1;-1;-1;-1;-1;-1
wh20.png,wh,0,-1;-1;-1;-1;-1;-1
wh21.png,wh,0,-1;-1;-1;-1;-1;-1
wh22.png,wh,0,-1;-1;-1;-1;-1;-1
wh23.png,wh,0,-1;-1;-1;-1;-1;-1
wh24.png,wh,0,-1;-1;-1;-1;-1;-1
wh25.png,wh,0,-1;-1;-1;-1;-1;-1
f7_c1.png,f,1,28;21;-1;-1;-1;-1
wh6_c1.png,wh,1,25;113;-1;-1;-1;-1
wh26.png,wh,0,-1;-1;-1;-1;-1;-1
wh27.png,wh,0,-1;-1;-1;-1;-1;-1
wh28.png,wh,0,-1;-1;-1;-1;-1;-1
wh29.png,wh,0,-1;-1;-1;-1;-1;-1
wh30.png,wh,0,-1;-1;-1;-1;-1;-1
wh31.png,wh,0,-1;-1;-1;-1;-1;-1
wh7_c1.png,wh,1,30;122;-1;-1;-1;-1
wh32.png,wh,0,-1;-1;-1;-1;-1;-1
wh33.png,wh,0,-1;-1;-1;-1;-1;-1
f7.png,f,0,-1;-1;-1;-1;-1;-1
wh34.png,wh,0,-1;-1;-1;-1;-1;-1
wh35.png,wh,0,-1;-1;-1;-1;-1;-1
wh36.png,wh,0,-1;-1;-1;-1;-1;-1
wh37.png,wh,0,-1;-1;-1;-1;-1;-1
wh38.png,wh,0,-1;-1;-1;-1;-1;-1
wh39.png,wh,0,-1;-1;-1;-1;-1;-1
wh40.png,wh,0,-1;-1;-1;-1;-1;-1
wh41.png,wh,0,-1;-1;-1;-1;-1;-1
wh42.png,wh,0,-1;-1;-1;-1;-1;-1
wh43.png,wh,0,-1;-1;-1;-1;-1;-1
f8_c1.png,f,1,32;29;-1;-1;-1;-1
wh44.png,wh,0,-1;-1;-1;-1;-1;-1
wh8_c1.png,wh,1,34;26;-1;-1;-1;-1
wh45.png,wh,0,-1;-1;-1;-1;-1;-1
wh46.png,wh,0,-1;-1;-1;-1;-1;-1
wh47.png,wh,0,-1;-1;-1;-1;-1;-1
wh48.png,wh,0,-1;-1;-1;-1;-1;-1
wh49.png,wh,0,-1;-1;-1;-1;-1;-1
wh50.png,wh,0,-1;-1;-1;-1;-1;-1
wh51.png,wh,0,-1;-1;-1;-1;-1;-1
wh52.png,wh,0,-1;-1;-1;-1;-1;-1
f8.png,f,0,-1;-1;-1;-1;-1;-1
wh53.png,wh,0,-1;-1;-1;-1;-1;-1
wh54.png,wh,0,-1;-1;-1;-1;-1;-1
wh9_c1.png,wh,1,28;114;-1;-1;-1;-1
wh55.png,wh,0,-1;-1;-1;-1;-1;-1
wh10_c1.png,wh,1,28;116;-1;-1;-1;-1
wh56.png,wh,0,-1;-1;-1;-1;-1;-1
wh11_c1.png,wh,1,32;21;-1;-1;-1;-1
wh57.png,wh,0,-1;-1;-1;-1;-1;-1
wh12_c1.png,wh,1,125;26;-1;-1;-1;-1
wh58.png,wh,0,-1;-1;-1;-1;-1;-1
f9.png,f,0,-1;-1;-1;-1;-1;-1
wh13_c1.png,wh,1,32;98;-1;-1;-1;-1
wa18.png,wa,0,-1;-1;-1;-1;-1;-1
mi9_c2.png,mi,2,34;97;74;97;-1;-1
wa19.png,wa,0,-1;-1;-1;-1;-1;-1
f10.png,f,0,-1;-1;-1;-1;-1;-1
w17_c1.png,w,1,114;95;-1;-1;-1;-1
wh59.png,wh,0,-1;-1;-1;-1;-1;-1
w18_c1.png,w,1,34;21;-1;-1;-1;-1
wh14_c1.png,wh,1,32;95;-1;-1;-1;-1
wa6_c1.png,wa,1,30;99;-1;-1;-1;-1
f11.png,f,0,-1;-1;-1;-1;-1;-1
f12.png,f,0,-1;-1;-1;-1;-1;-1
me2.png,me,0,-1;-1;-1;-1;-1;-1
me3.png,me,0,-1;-1;-1;-1;-1;-1
wa20.png,wa,0,-1;-1;-1;-1;-1;-1
me4.png,me,0,-1;-1;-1;-1;-1;-1
wa7_c2.png,wa,2,77;97;37;99;-1;-1
wh60.png,wh,0,-1;-1;-1;-1;-1;-1
wh15_c1.png,wh,1,37;23;-1;-1;-1;-1
w28.png,w,0,-1;-1;-1;-1;-1;-1
wa7_c1.png,wa,1,36;149;-1;-1;-1;-1
f13.png,f,0,-1;-1;-1;-1;-1;-1
me5.png,me,0,-1;-1;-1;-1;-1;-1
wa8_c1.png,wa,1,30;38;-1;-1;-1;-1
f14.png,f,0,-1;-1;-1;-1;-1;-1
me2_c2.png,me,2,158;140;161;88;-1;-1
w19_c1.png,w,1,36;149;-1;-1;-1;-1
c3.png,c,0,-1;-1;-1;-1;-1;-1
f9_c1.png,f,1,45;35;-1;-1;-1;-1
wh61.png,wh,0,-1;-1;-1;-1;-1;-1
me6.png,me,0,-1;-1;-1;-1;-1;-1
wa21.png,wa,0,-1;-1;-1;-1;-1;-1
f15.png,f,0,-1;-1;-1;-1;-1;-1
wa22.png,wa,0,-1;-1;-1;-1;-1;-1
f10_c1.png,f,1,45;40;-1;-1;-1;-1
wh62.png,wh,0,-1;-1;-1;-1;-1;-1
wa8_c2.png,wa,2,152;149;155;96;-1;-1
wa23.png,wa,0,-1;-1;-1;-1;-1;-1
mi10_c2.png,mi,2,89;40;148;40;-1;-1
f16.png,f,0,-1;-1;-1;-1;-1;-1
f17.png,f,0,-1;-1;-1;-1;-1;-1
wa24.png,wa,0,-1;-1;-1;-1;-1;-1
wh16_c1.png,wh,1,155;28;-1;-1;-1;-1
c4.png,c,0,-1;-1;-1;-1;-1;-1
f18.png,f,0,-1;-1;-1;-1;-1;-1
f19.png,f,0,-1;-1;-1;-1;-1;-1
mi11_c2.png,mi,2,155;143;155;87;-1;-1
mi3.png,mi,0,-1;-1;-1;-1;-1;-1
mi12_c2.png,mi,2,33;152;36;96;-1;-1
mi13_c2.png,mi,2,45;158;105;155;-1;-1
wa25.png,wa,0,-1;-1;-1;-1;-1;-1
mi4_c1.png,mi,1,152;31;-1;-1;-1;-1
me7.png,me,0,-1;-1;-1;-1;-1;-1
c5.png,c,0,-1;-1;-1;-1;-1;-1
me8.png,me,0,-1;-1;-1;-1;-1;-1
f20.png,f,0,-1;-1;-1;-1;-1;-1
wa9_c1.png,wa,1,164;34;-1;-1;-1;-1
me9.png,me,0,-1;-1;-1;-1;-1;-1
me10.png,me,0,-1;-1;-1;-1;-1;-1
wa26.png,wa,0,-1;-1;-1;-1;-1;-1
me1_c1.png,me,1,155;34;-1;-1;-1;-1
me11.png,me,0,-1;-1;-1;-1;-1;-1
me12.png,me,0,-1;-1;-1;-1;-1;-1
wa9_c2.png,wa,2,102;40;161;40;-1;-1
mi14_c2.png,mi,2,42;21;105;24;-1;-1
wh63.png,wh,0,-1;-1;-1;-1;-1;-1
f21.png,f,0,-1;-1;-1;-1;-1;-1
f22.png,f,0,-1;-1;-1;-1;-1;-1
mi15_c2.png,mi,2,64;138;120;135;-1;-1
wa27.png,wa,0,-1;-1;-1;-1;-1;-1
mi4.png,mi,0,-1;-1;-1;-1;-1;-1
wh64.png,wh,0,-1;-1;-1;-1;-1;-1
w20_c1.png,w,1,55;130;-1;-1;-1;-1
me13.png,me,0,-1;-1;-1;-1;-1;-1
wa10_c2.png,wa,2,120;35;177;35;-1;-1
wa10_c1.png,wa,1,45;134;-1;-1;-1;-1
me14.png,me,0,-1;-1;-1;-1;-1;-1
f23.png,f,0,-1;-1;-1;-1;-1;-1
c6.png,c,0,-1;-1;-1;-1;-1;-1
mi16_c2.png,mi,2,58;139;111;139;-1;-1
wa28.png,wa,0,-1;-1;-1;-1;-1;-1
wa29.png,wa,0,-1;-1;-1;-1;-1;-1
wh64.png,wh,0,-1;-1;-1;-1;-1;-1
wh65.png,wh,0,-1;-1;-1;-1;-1;-1
wh66.png,wh,0,-1;-1;-1;-1;-1;-1
wa11_c1.png,wa,1,161;37;-1;-1;-1;-1
wa30.png,wa,0,-1;-1;-1;-1;-1;-1
wa31.png,wa,0,-1;-1;-1;-1;-1;-1
f24.png,f,0,-1;-1;-1;-1;-1;-1
wa11_c2.png,wa,2,167;89;170;137;-1;-1
wh17_c1.png,wh,1,48;40;-1;-1;-1;-1
wa32.png,wa,0,-1;-1;-1;-1;-1;-1
f25.png,f,0,-1;-1;-1;-1;-1;-1
mi5.png,mi,0,-1;-1;-1;-1;-1;-1
mi5_c1.png,mi,1,102;22;-1;-1;-1;-1
mi5_c3.png,mi,3,31;90;29;55;31;20
mi17_c2.png,mi,2,33;58;33;26;-1;-1
mi18_c2.png,mi,2,108;60;108;26;-1;-1
mi19_c2.png,mi,2,33;60;35;26;-1;-1
f26.png,f,0,-1;-1;-1;-1;-1;-1
wh18_c1.png,wh,1,23;93;-1;-1;-1;-1
wh19_c1.png,wh,1,27;93;-1;-1;-1;-1
wa33.png,wa,0,-1;-1;-1;-1;-1;-1
wa34.png,wa,0,-1;-1;-1;-1;-1;-1
wh67.png,wh,0,-1;-1;-1;-1;-1;-1
wh68.png,wh,0,-1;-1;-1;-1;-1;-1
wh20_c1.png,wh,1,35;29;-1;-1;-1;-1
wh69.png,wh,0,-1;-1;-1;-1;-1;-1
w29.png,w,0,-1;-1;-1;-1;-1;-1
wa35.png,wa,0,-1;-1;-1;-1;-1;-1
f11_c1.png,f,1,116;33;-1;-1;-1;-1
wh70.png,wh,0,-1;-1;-1;-1;-1;-1
wa36.png,wa,0,-1;-1;-1;-1;-1;-1
me3_c2.png,me,2,68;31;104;29;-1;-1
c7.png,c,0,-1;-1;-1;-1;-1;-1
w30.png,w,0,-1;-1;-1;-1;-1;-1
wa12_c1.png,wa,1,108;33;-1;-1;-1;-1
wh71.png,wh,0,-1;-1;-1;-1;-1;-1
wa37.png,wa,0,-1;-1;-1;-1;-1;-1
me2_c1.png,me,1,106;31;-1;-1;-1;-1
wh72.png,wh,0,-1;-1;-1;-1;-1;-1
f27.png,f,0,-1;-1;-1;-1;-1;-1
w31.png,w,0,-1;-1;-1;-1;-1;-1
me3_c1.png,me,1,106;104;-1;-1;-1;-1
wh21_c1.png,wh,1,102;35;-1;-1;-1;-1
wa12_c2.png,wa,2,70;33;106;33;-1;-1
wh73.png,wh,0,-1;-1;-1;-1;-1;-1
wh22_c1.png,wh,1,27;33;-1;-1;-1;-1
me15.png,me,0,-1;-1;-1;-1;-1;-1
me16.png,me,0,-1;-1;-1;-1;-1;-1
me4_c2.png,me,2,104;69;102;102;-1;-1
wa38.png,wa,0,-1;-1;-1;-1;-1;-1
f28.png,f,0,-1;-1;-1;-1;-1;-1
wa13_c2.png,wa,2,31;66;31;33;-1;-1
wa13_c1.png,wa,1,31;33;-1;-1;-1;-1
me17.png,me,0,-1;-1;-1;-1;-1;-1
wh74.png,wh,0,-1;-1;-1;-1;-1;-1
me18.png,me,0,-1;-1;-1;-1;-1;-1
me19.png,me,0,-1;-1;-1;-1;-1;-1
me20.png,me,0,-1;-1;-1;-1;-1;-1
me21.png,me,0,-1;-1;-1;-1;-1;-1
me22.png,me,0,-1;-1;-1;-1;-1;-1
me4_c1.png,me,1,35;44;-1;-1;-1;-1
f29.png,f,0,-1;-1;-1;-1;-1;-1
me5_c2.png,me,2,32;103;35;47;-1;-1
me5_c1.png,me,1,32;47;-1;-1;-1;-1
me6_c2.png,me,2,35;103;38;44;-1;-1
wa14_c2.png,wa,2,41;97;41;41;-1;-1
w32.png,w,0,-1;-1;-1;-1;-1;-1
w33.png,w,0,-1;-1;-1;-1;-1;-1
mi6_c3.png,mi,3,32;175;87;172;145;172
c8.png,c,0,-1;-1;-1;-1;-1;-1
w21_c1.png,w,1,32;41;-1;-1;-1;-1
mi6.png,mi,0,-1;-1;-1;-1;-1;-1
c9.png,c,0,-1;-1;-1;-1;-1;-1
f30.png,f,0,-1;-1;-1;-1;-1;-1
wh23_c1.png,wh,1,149;166;-1;-1;-1;-1
mi6_c1.png,mi,1,35;44;-1;-1;-1;-1
wa14_c1.png,wa,1,155;156;-1;-1;-1;-1
wa15_c1.png,wa,1,158;162;-1;-1;-1;-1
wa15_c2.png,wa,2,161;162;158;106;-1;-1
mi7_c1.png,mi,1,161;30;-1;-1;-1;-1
mi7.png,mi,0,-1;-1;-1;-1;-1;-1
mi7_c3.png,mi,3,30;129;30;78;30;32
me6_c1.png,me,1,161;35;-1;-1;-1;-1
wh24_c1.png,wh,1,39;132;-1;-1;-1;-1
f31.png,f,0,-1;-1;-1;-1;-1;-1
me7_c2.png,me,2,95;35;152;35;-1;-1
wa16_c1.png,wa,1,48;137;-1;-1;-1;-1
c10.png,c,0,-1;-1;-1;-1;-1;-1
w34.png,w,0,-1;-1;-1;-1;-1;-1
me7_c1.png,me,1,152;35;-1;-1;-1;-1
wa17_c1.png,wa,1,45;137;-1;-1;-1;-1
w22_c1.png,w,1,161;32;-1;-1;-1;-1
w35.png,w,0,-1;-1;-1;-1;-1;-1
me8_c2.png,me,2,92;35;152;35;-1;-1
wa16_c2.png,wa,2,95;137;42;137;-1;-1
f32.png,f,0,-1;-1;-1;-1;-1;-1
me23.png,me,0,-1;-1;-1;-1;-1;-1
wa17_c2.png,wa,2,95;38;155;35;-1;-1
me8_c1.png,me,1,36;40;-1;-1;-1;-1
me9_c2.png,me,2,33;94;30;43;-1;-1
me9_c1.png,me,1,33;40;-1;-1;-1;-1
me10_c2.png,me,2,33;94;33;43;-1;-1
wa18_c2.png,wa,2,36;89;36;40;-1;-1
w36.png,w,0,-1;-1;-1;-1;-1;-1
mi8_c3.png,mi,3,30;157;86;154;142;157
c11.png,c,0,-1;-1;-1;-1;-1;-1
f33.png,f,0,-1;-1;-1;-1;-1;-1
w23_c1.png,w,1,30;34;-1;-1;-1;-1
mi8.png,mi,0,-1;-1;-1;-1;-1;-1
wh25_c1.png,wh,1,145;152;-1;-1;-1;-1
mi8_c1.png,mi,1,30;37;-1;-1;-1;-1
wa18_c1.png,wa,1,155;143;-1;-1;-1;-1
wa19_c1.png,wa,1,158;143;-1;-1;-1;-1
wa19_c2.png,wa,2,161;149;158;94;-1;-1
mi9_c1.png,mi,1,155;30;-1;-1;-1;-1
mi9.png,mi,0,-1;-1;-1;-1;-1;-1
mi9_c3.png,mi,3,23;109;27;65;23;23
f34.png,f,0,-1;-1;-1;-1;-1;-1
me10_c1.png,me,1,158;18;-1;-1;-1;-1
wh26_c1.png,wh,1,33;113;-1;-1;-1;-1
wh75.png,wh,0,-1;-1;-1;-1;-1;-1
me11_c2.png,me,2,92;18;152;18;-1;-1
wa20_c1.png,wa,1,45;120;-1;-1;-1;-1
c12.png,c,0,-1;-1;-1;-1;-1;-1
w37.png,w,0,-1;-1;-1;-1;-1;-1
me11_c1.png,me,1,155;21;-1;-1;-1;-1
wa21_c1.png,wa,1,45;120;-1;-1;-1;-1
w24_c1.png,w,1,155;25;-1;-1;-1;-1
f35.png,f,0,-1;-1;-1;-1;-1;-1
me12_c2.png,me,2,95;25;152;23;-1;-1
wa20_c2.png,wa,2,39;120;95;118;-1;-1
wa21_c2.png,wa,2,98;25;158;25;-1;-1
mi10_c1.png,mi,1,152;21;-1;-1;-1;-1
mi10.png,mi,0,-1;-1;-1;-1;-1;-1
mi10_c3.png,mi,3,30;110;27;66;27;25
me12_c1.png,me,1,167;32;-1;-1;-1;-1
wh27_c1.png,wh,1,33;112;-1;-1;-1;-1
wh76.png,wh,0,-1;-1;-1;-1;-1;-1
me13_c2.png,me,2,98;32;158;34;-1;-1
f36.png,f,0,-1;-1;-1;-1;-1;-1
wa22_c1.png,wa,1,42;116;-1;-1;-1;-1
c13.png,c,0,-1;-1;-1;-1;-1;-1
w38.png,w,0,-1;-1;-1;-1;-1;-1
me13_c1.png,me,1,158;36;-1;-1;-1;-1
wa23_c1.png,wa,1,42;116;-1;-1;-1;-1
w25_c1.png,w,1,161;34;-1;-1;-1;-1
w39.png,w,0,-1;-1;-1;-1;-1;-1
me14_c2.png,me,2,95;39;155;41;-1;-1
wa22_c2.png,wa,2,39;121;98;121;-1;-1
me24.png,me,0,-1;-1;-1;-1;-1;-1
f37.png,f,0,-1;-1;-1;-1;-1;-1
wa23_c2.png,wa,2,98;41;158;43;-1;-1
me14_c1.png,me,1,30;30;-1;-1;-1;-1
me15_c2.png,me,2,27;85;30;36;-1;-1
me15_c1.png,me,1,27;30;-1;-1;-1;-1
me16_c2.png,me,2,30;82;30;30;-1;-1
wa24_c2.png,wa,2,36;80;33;28;-1;-1
w40.png,w,0,-1;-1;-1;-1;-1;-1
w41.png,w,0,-1;-1;-1;-1;-1;-1
mi11_c3.png,mi,3,30;148;86;151;142;148
c14.png,c,0,-1;-1;-1;-1;-1;-1
f38.png,f,0,-1;-1;-1;-1;-1;-1
w26_c1.png,w,1,23;33;-1;-1;-1;-1
mi11.png,mi,0,-1;-1;-1;-1;-1;-1
wh28_c1.png,wh,1,142;148;-1;-1;-1;-1
wh77.png,wh,0,-1;-1;-1;-1;-1;-1
me25.png,me,0,-1;-1;-1;-1;-1;-1
me26.png,me,0,-1;-1;-1;-1;-1;-1
mi11_c1.png,mi,1,39;36;-1;-1;-1;-1
wa24_c1.png,wa,1,148;140;-1;-1;-1;-1
wa25_c1.png,wa,1,148;143;-1;-1;-1;-1
wa25_c2.png,wa,2,152;148;152;96;-1;-1
f39.png,f,0,-1;-1;-1;-1;-1;-1
mi12_c1.png,mi,1,164;30;-1;-1;-1;-1
mi12.png,mi,0,-1;-1;-1;-1;-1;-1
mi12_c3.png,mi,3,33;131;30;82;33;30
me16_c1.png,me,1,167;38;-1;-1;-1;-1
wh29_c1.png,wh,1,36;131;-1;-1;-1;-1
me17_c2.png,me,2,102;38;158;38;-1;-1
wa26_c1.png,wa,1,39;134;-1;-1;-1;-1
c15.png,c,0,-1;-1;-1;-1;-1;-1
w42.png,w,0,-1;-1;-1;-1;-1;-1
me17_c1.png,me,1,158;41;-1;-1;-1;-1
c16.png,c,0,-1;-1;-1;-1;-1;-1
f12_c1.png,f,1,25;117;-1;-1;-1;-1
wa27_c1.png,wa,1,33;139;-1;-1;-1;-1
me27.png,me,0,-1;-1;-1;-1;-1;-1
w27_c1.png,w,1,155;36;-1;-1;-1;-1
w43.png,w,0,-1;-1;-1;-1;-1;-1
me18_c2.png,me,2,95;41;155;41;-1;-1
wa26_c2.png,wa,2,20;142;80;142;-1;-1
me28.png,me,0,-1;-1;-1;-1;-1;-1
wa27_c2.png,wa,2,95;46;155;46;-1;-1
me18_c1.png,me,1,29;28;-1;-1;-1;-1
me19_c2.png,me,2,29;91;29;38;-1;-1
f40.png,f,0,-1;-1;-1;-1;-1;-1
me19_c1.png,me,1,32;34;-1;-1;-1;-1
me20_c2.png,me,2,35;94;38;38;-1;-1
wa28_c2.png,wa,2,44;91;44;34;-1;-1
w44.png,w,0,-1;-1;-1;-1;-1;-1
w45.png,w,0,-1;-1;-1;-1;-1;-1
mi13_c3.png,mi,3,23;166;81;166;139;166
c17.png,c,0,-1;-1;-1;-1;-1;-1
w28_c1.png,w,1,32;34;-1;-1;-1;-1
mi13.png,mi,0,-1;-1;-1;-1;-1;-1
wh30_c1.png,wh,1,145;166;-1;-1;-1;-1
f13_c1.png,f,1,23;35;-1;-1;-1;-1
me29.png,me,0,-1;-1;-1;-1;-1;-1
mi13_c1.png,mi,1,29;41;-1;-1;-1;-1
wa28_c1.png,wa,1,155;162;-1;-1;-1;-1
wa29_c1.png,wa,1,164;169;-1;-1;-1;-1
wa29_c2.png,wa,2,167;116;167;172;-1;-1
mi14_c3.png,mi,3,33;125;76;125;117;125
wa30_c1.png,wa,1,117;30;-1;-1;-1;-1
mi20_c2.png,mi,2,115;30;113;71;-1;-1
mi15_c3.png,mi,3,174;147;174;86;177;29
wa30_c2.png,wa,2,37;42;94;39;-1;-1
f41.png,f,0,-1;-1;-1;-1;-1;-1
me30.png,me,0,-1;-1;-1;-1;-1;-1
c18.png,c,0,-1;-1;-1;-1;-1;-1
f14_c1.png,f,1,161;40;-1;-1;-1;-1
f15_c1.png,f,1,161;43;-1;-1;-1;-1
mi21_c2.png,mi,2,37;30;97;30;-1;-1
f16_c1.png,f,1,41;46;-1;-1;-1;-1
w46.png,w,0,-1;-1;-1;-1;-1;-1
mi14_c1.png,mi,1,114;33;-1;-1;-1;-1
mi22_c2.png,mi,2,80;31;121;31;-1;-1
wa39.png,wa,0,-1;-1;-1;-1;-1;-1
f42.png,f,0,-1;-1;-1;-1;-1;-1
wh78.png,wh,0,-1;-1;-1;-1;-1;-1
f1_c2.png,f,2,37;37;97;37;-1;-1
wh79.png,wh,0,-1;-1;-1;-1;-1;-1
wa31_c2.png,wa,2,171;46;171;107;-1;-1
mi14.png,mi,0,-1;-1;-1;-1;-1;-1
mi23_c2.png,mi,2,30;33;88;33;-1;-1
c19.png,c,0,-1;-1;-1;-1;-1;-1
c20.png,c,0,-1;-1;-1;-1;-1;-1
wa32_c2.png,wa,2,29;33;70;33;-1;-1
mi24_c2.png,mi,2,115;74;113;31;-1;-1
f17_c1.png,f,1,114;114;-1;-1;-1;-1
wa33_c2.png,wa,2,164;110;164;53;-1;-1
c21.png,c,0,-1;-1;-1;-1;-1;-1
wa40.png,wa,0,-1;-1;-1;-1;-1;-1
wh31_c1.png,wh,1,37;46;-1;-1;-1;-1
wa31_c1.png,wa,1,167;49;-1;-1;-1;-1
wa34_c2.png,wa,2,164;56;164;113;-1;-1
wh32_c1.png,wh,1,37;49;-1;-1;-1;-1
wa35_c2.png,wa,2,164;167;106;171;-1;-1
wa32_c1.png,wa,1,164;174;-1;-1;-1;-1
wa41.png,wa,0,-1;-1;-1;-1;-1;-1
f18_c1.png,f,1,110;30;-1;-1;-1;-1
wa36_c2.png,wa,2,121;33;121;74;-1;-1
mi25_c2.png,mi,2,122;74;122;33;-1;-1
c22.png,c,0,-1;-1;-1;-1;-1;-1
mi26_c2.png,mi,2,31;31;72;31;-1;-1
mi27_c2.png,mi,2,26;122;67;122;-1;-1
mi15.png,mi,0,-1;-1;-1;-1;-1;-1
wa37_c2.png,wa,2,121;33;121;76;-1;-1
wa38_c2.png,wa,2,37;115;37;174;-1;-1
wa33_c1.png,wa,1,40;164;-1;-1;-1;-1
wa42.png,wa,0,-1;-1;-1;-1;-1;-1
f43.png,f,0,-1;-1;-1;-1;-1;-1
mi28_c2.png,mi,2,171;59;167;120;-1;-1
mi29_c2.png,mi,2,171;49;171;107;-1;-1
wa39_c2.png,wa,2,46;132;43;190;-1;-1
mi30_c2.png,mi,2,174;59;174;116;-1;-1
c23.png,c,0,-1;-1;-1;-1;-1;-1
wa40_c2.png,wa,2,106;167;164;171;-1;-1
wa43.png,wa,0,-1;-1;-1;-1;-1;-1
mi31_c2.png,mi,2,174;49;174;107;-1;-1
wa44.png,wa,0,-1;-1;-1;-1;-1;-1
wa45.png,wa,0,-1;-1;-1;-1;-1;-1
f19_c1.png,f,1,125;32;-1;-1;-1;-1
mi16.png,mi,0,-1;-1;-1;-1;-1;-1
wa34_c1.png,wa,1,49;43;-1;-1;-1;-1
c24.png,c,0,-1;-1;-1;-1;-1;-1
wa46.png,wa,0,-1;-1;-1;-1;-1;-1
c25.png,c,0,-1;-1;-1;-1;-1;-1
mi32_c2.png,mi,2,167;59;167;116;-1;-1
wa47.png,wa,0,-1;-1;-1;-1;-1;-1
mi33_c2.png,mi,2,24;174;81;171;-1;-1
wh33_c1.png,wh,1,115;35;-1;-1;-1;-1
wa41_c2.png,wa,2,26;35;67;35;-1;-1
f44.png,f,0,-1;-1;-1;-1;-1;-1
mi16_c3.png,mi,3,24;126;70;126;108;126
wa42_c2.png,wa,2,26;38;70;38;-1;-1
wh34_c1.png,wh,1,104;38;-1;-1;-1;-1
mi34_c2.png,mi,2,113;184;171;184;-1;-1
c26.png,c,0,-1;-1;-1;-1;-1;-1
wh80.png,wh,0,-1;-1;-1;-1;-1;-1
wh35_c1.png,wh,1,29;44;-1;-1;-1;-1
c27.png,c,0,-1;-1;-1;-1;-1;-1
wa35_c1.png,wa,1,44;171;-1;-1;-1;-1
c28.png,c,0,-1;-1;-1;-1;-1;-1
f45.png,f,0,-1;-1;-1;-1;-1;-1
f46.png,f,0,-1;-1;-1;-1;-1;-1
wh36_c1.png,wh,1,155;33;-1;-1;-1;-1
wh81.png,wh,0,-1;-1;-1;-1;-1;-1
me31.png,me,0,-1;-1;-1;-1;-1;-1
f20_c1.png,f,1,121;98;-1;-1;-1;-1
f21_c1.png,f,1,119;99;-1;-1;-1;-1
me32.png,me,0,-1;-1;-1;-1;-1;-1
me33.png,me,0,-1;-1;-1;-1;-1;-1
me34.png,me,0,-1;-1;-1;-1;-1;-1
me35.png,me,0,-1;-1;-1;-1;-1;-1
me36.png,me,0,-1;-1;-1;-1;-1;-1
me37.png,me,0,-1;-1;-1;-1;-1;-1
me38.png,me,0,-1;-1;-1;-1;-1;-1
f47.png,f,0,-1;-1;-1;-1;-1;-1
me39.png,me,0,-1;-1;-1;-1;-1;-1
me20_c1.png,me,1,109;26;-1;-1;-1;-1
me40.png,me,0,-1;-1;-1;-1;-1;-1
me41.png,me,0,-1;-1;-1;-1;-1;-1
me42.png,me,0,-1;-1;-1;-1;-1;-1
me43.png,me,0,-1;-1;-1;-1;-1;-1
me21_c2.png,me,2,73;23;110;23;-1;-1
me44.png,me,0,-1;-1;-1;-1;-1;-1
me45.png,me,0,-1;-1;-1;-1;-1;-1
me46.png,me,0,-1;-1;-1;-1;-1;-1
f48.png,f,0,-1;-1;-1;-1;-1;-1
me47.png,me,0,-1;-1;-1;-1;-1;-1
me48.png,me,0,-1;-1;-1;-1;-1;-1
me49.png,me,0,-1;-1;-1;-1;-1;-1
me50.png,me,0,-1;-1;-1;-1;-1;-1
me21_c1.png,me,1,113;116;-1;-1;-1;-1
me22_c2.png,me,2,74;32;114;32;-1;-1
me51.png,me,0,-1;-1;-1;-1;-1;-1
me52.png,me,0,-1;-1;-1;-1;-1;-1
me23_c2.png,me,2,34;123;77;123;-1;-1
me22_c1.png,me,1,119;114;-1;-1;-1;-1
f22_c1.png,f,1,123;96;-1;-1;-1;-1
me53.png,me,0,-1;-1;-1;-1;-1;-1
me23_c1.png,me,1,123;99;-1;-1;-1;-1
me24_c2.png,me,2,81;27;121;27;-1;-1
me54.png,me,0,-1;-1;-1;-1;-1;-1
me24_c1.png,me,1,123;95;-1;-1;-1;-1
me25_c1.png,me,1,37;104;-1;-1;-1;-1
me55.png,me,0,-1;-1;-1;-1;-1;-1
me25_c2.png,me,2,123;59;121;93;-1;-1
me56.png,me,0,-1;-1;-1;-1;-1;-1
me57.png,me,0,-1;-1;-1;-1;-1;-1
c1.png,c,0,-1;-1;-1;-1;-1;-1
f1_c1.png,f,1,119;97;-1;-1;-1;-1
wh37_c1.png,wh,1,167;133;-1;-1;-1;-1
wa43_c2.png,wa,2,37;37;97;37;-1;-1
wh82.png,wh,0,-1;-1;-1;-1;-1;-1
f49.png,f,0,-1;-1;-1;-1;-1;-1
wa44_c2.png,wa,2,112;76;112;33;-1;-1
c29.png,c,0,-1;-1;-1;-1;-1;-1
me58.png,me,0,-1;-1;-1;-1;-1;-1
wa48.png,wa,0,-1;-1;-1;-1;-1;-1
wh83.png,wh,0,-1;-1;-1;-1;-1;-1
wh84.png,wh,0,-1;-1;-1;-1;-1;-1
me59.png,me,0,-1;-1;-1;-1;-1;-1
c30.png,c,0,-1;-1;-1;-1;-1;-1
wh38_c1.png,wh,1,113;34;-1;-1;-1;-1
wh85.png,wh,0,-1;-1;-1;-1;-1;-1
c31.png,c,0,-1;-1;-1;-1;-1;-1
f23_c1.png,f,1,113;26;-1;-1;-1;-1
wh39_c1.png,wh,1,111;26;-1;-1;-1;-1
f50.png,f,0,-1;-1;-1;-1;-1;-1
wa36_c1.png,wa,1,169;163;-1;-1;-1;-1
me26_c1.png,me,1,41;41;-1;-1;-1;-1
c32.png,c,0,-1;-1;-1;-1;-1;-1
mi17_c3.png,mi,3,172;147;172;86;172;29
wa45_c2.png,wa,2,41;52;105;49;-1;-1
wh86.png,wh,0,-1;-1;-1;-1;-1;-1
mi15_c1.png,mi,1,46;32;-1;-1;-1;-1
w47.png,w,0,-1;-1;-1;-1;-1;-1
me60.png,me,0,-1;-1;-1;-1;-1;-1
me26_c2.png,me,2,41;38;99;38;-1;-1
wh40_c1.png,wh,1,32;38;-1;-1;-1;-1
me61.png,me,0,-1;-1;-1;-1;-1;-1
c33.png,c,0,-1;-1;-1;-1;-1;-1
wa46_c2.png,wa,2,30;32;71;34;-1;-1
wa47_c2.png,wa,2,38;42;99;46;-1;-1
me62.png,me,0,-1;-1;-1;-1;-1;-1
me63.png,me,0,-1;-1;-1;-1;-1;-1
c34.png,c,0,-1;-1;-1;-1;-1;-1
